# server/partidos_colores.R

default_color <- "#B0BEC5"  # Color gris claro como color por defecto

partidos_colores <- list(
  APM = "#00AB52",
  ASDC = "#E02128",
  CAND_IND1 = "#D05CF5",
  CAND_IND2 = "#D05CF5",
  CONV = "#FF6B0D",
  ES = "#632D79",
  FXM = "#E85E91",
  MC = "#FF6B0D",
  MORENA = "#C0311A",
  MORENA_ES = "#C0311A",
  no_reg = "#3C303B",
  NVALZ = "#00A9C8",
  PAN = "#44559B",
  PAN_MC = "#44559B",
  PAN_NVALZ = "#44559B",
  PAN_PRD = "#44559B",
  PAN_PRD_MC = "#44559B",
  PAN_PRI = "#44559B",
  PAN_PRI_PRD = "#44559B",
  PBT = "#FFD300",
  PES = "#653EA2",
  PH = "#9F3B77",
  PRD = "#FFD300",
  PRD_MC = "#FFD300",
  PRD_PT = "#FFD300",
  PRD_PT_MC = "#FFD300",
  PRI = "#00AB52",
  PRI_NVALZ = "#00AB52",
  PRI_PRD = "#00AB52",
  PRI_PVEM = "#00AB52",
  PRI_PVEM_NVALZ = "#00AB52",
  PRIMERO_MEXICO = "#00AB52",
  PSD = "#E02128",
  PT = "#FE0100",
  PT_ES = "#FE0100",
  PT_MC = "#FE0100",
  PT_MORENA = "#C0311A",
  PT_MORENA_ES = "#C0311A",
  PVEM = "#5CD150",
  PVEM_MORENA = "#C0311A",
  PVEM_NVALZ = "#5CD150",
  PVEM_PT = "#5CD150",
  PVEM_PT_MORENA = "#C0311A",
  RSP = "#727478",
  SALVEMOS_MEXICO = "#FF6B0D",
  vot_nul = "#5A303B",
  part_ciud = "#D3088D",
  lne = "#D3088D",
  total_votos = "#D3088D"
)
